0.44336686313075885
0.2861067780842954
0.10302919580163349
0.19440810414963344
0.4438120450265285
0.30969894310375673
0.02366845275677889
0.23321951307535457
0.09259230816759874
0.39261504603683234
-0.42041480041993673
-0.5078237729796095
-0.31288076975992934
0.09645084955792568
-0.1799968673955744
0.10804069437884876
0.4012769792541621
0.4824573486825248
0.38696981984210005
0.7342342063692502
0.7064689338723815
0.6431661304529531
0.9273090668152693
0.8240779743239891
0.9032101946161359
0.745266081887066
0.8221268714326682
0.5542783683823427
0.42259803956386227
0.35406625457023916
0.3387006446369294
0.709519302739155
0.46700000528893254
0.5732586229725194
0.5745095349110565
0.2973239542522011
0.6517156417217632
0.4426988529043356
0.44128888943603223
0.7365858330744512
0.7057759208086892
0.9166761898078446
0.8032042786661928
0.38531272686669105
0.43947224307708427
0.21054203106936145
0.42970438925867216
0.6079561174564686
0.5406583320402022
0.4253509957985803
0.2694737860791685
0.2279414286851353
-0.06489880145748933
0.4491984431574062
0.13105971682216147
0.38856237694391405
0.3225254444418796
0.19917556251353633
0.7840574194984952
0.6999554124220614
0.7086657979375485
0.15737944144568278
0.10694135179536626
0.1057809673239342
0.3237186794468601
0.052432228358006476
0.09487528366742964
-0.22119951488766704
-0.4976465766775388
-0.23328613237731538
-0.0009034850816603586
-0.2911804840729419
0.14987539408848777
0.05520375323225944
0.5897148792219452
-0.0631258671238632
0.3058645734593263
0.5757784267348546
0.6840678218960142
0.5776483976365144
0.7089350865309759
0.8510027662039588
0.7997019403278552
0.44592516807630056
0.8060875101540261
0.858120808588206
1.077585254532785
0.9187657334514943
0.9840440803065448
1.0374596073497222
1.0549486707590316
0.903481383134492
0.734712693830054
0.9064321067652418
0.3978140416072783
0.4102547556119038
0.5099995582374748
0.7476422994598372
0.7203792844030745
0.7349220758270515
0.7886544223143905
0.7010821550698804
0.8034977519398121
0.6971567165769281
0.6774247348178383
0.9594239467498533
1.1273046180414314
1.15200506930198
1.0760374526799197
0.9162363239063722
0.8645801560921993
0.8119779976426059
1.0377009834224316
0.0502933866695071
-0.2722010530361847
-0.2567790092554183
-0.09488741192022353
-0.12241024104603968
0.004550137711388895
0.18230523301832366
0.11523741129757341
3.2055128563520124e-05
-0.1440887619992738
0.18872326521017999
0.1059356803535009
0.21474145111520307
0.4468301727807801
0.5795481360002653
0.6827349579496146
0.45711800560738064
0.8574083308574824
1.2271285826719072
1.139323576302606
1.0250388840910005
1.0463404121914668
1.2061241653058519
0.8581933719960053
0.7802351968072228
1.1723743858672973
0.7613607116992547
0.9669135969913167
-0.9803782348215524
-1.3331481861878764
0.3160200342677939
0.8734617251036364
-1.2488420331013657
0.689707565685013
0.3041698695681508
0.8580509091132709
-2.240943739560639
-2.656047819884346
-1.4087690445851542
-0.9667009505397568
-1.8763050070151224
-1.7743231055503563
-2.5328301824133588
-2.1010100129212463
-1.8708079565869502
-1.7997716492671008
-2.4192411657274495
-2.93892320012529
-1.8489199147837168
-0.7488768211463172
-0.16456271706801665
-0.11602204409439876
0.3031538628996263
0.6602614428418953
0.5592140252403908
0.8402644472050194
0.8392477158021885
1.0866121436675464
0.9534446557159976
0.3603368041770849
1.0111723312422174
1.1735643808644454
1.0430724247047651
1.0512811801008564
1.346087429188364
0.4886422834328156
1.0589212301543054
0.7502001640230439
1.0057445548933757
1.0847988714093395
0.03193069806602224
0.752324212535194
0.8302575913765611
0.9247419279194479
0.23264576707478543
0.6476157836352301
0.5545155552305543
0.6692168617200313
0.9188703522156008
0.7944134966740363
0.45538942228754375
0.6453737704561804
0.24721740515187124
0.09742692909712558
0.2524620008428821
-0.7094346148158743
0.059129168745485565
-0.22272508689174367
0.20372422339414803
0.22580745247369452
-0.25699892325346857
-0.3836159034316942
0.0026867043875063983
-0.32454406402968966
-0.14768765102436593
-0.44110770136640354
-0.8610331762793699
-2.5752344474875297
-1.3551380284298757
-0.45943750198761213
0.0551708031006207
-0.24940099571991256
0.2029674854722731
0.32071545469186463
0.37437265541890974
0.5156879614135017
0.38878746258106955
0.6549233662130824
0.7747912847889279
-0.1050058317061112
-2.56544395610933
-0.5235915693239159
0.7815458044659331
0.3195317259042256
0.8470631454133818
0.5166234393315478
0.19610952071644303
0.006793001644661674
-1.2038308968512874
-2.21728806516538
-1.6557270167660665
-0.8190825089158433
-0.7674021799670269
-0.7136658128773539
-0.08143984396113914
-0.11053010266936612
-0.012461343140998307
0.3048913375877476
0.4477796641946817
-0.8570934786519342
-2.340319439648682
-2.105659866940009
-1.3773764487611333
-1.0567807034697947
-0.7413379936419804
-0.835963064400926
-0.32295454824236547
0.2639788989198534
0.6731720716810224
0.14032357211063234
0.22116416081331494
-1.080883158683778
-0.14356246013885973
0.33263677294739624
0.610884315627327
-0.35112593264443553
0.24724976975308674
0.13292300508566818
0.34023053367241307
0.7202430871134545
0.14723814020531428
-0.06688366459681583
1.0545118356811936
1.0958087485772512
0.5372241765635483
0.4033221958561403
-0.3461480415385291
0.4636551920811725
-0.46853142411933846
-0.11424877382247271
-0.1649401407051582
-0.3389262583021684
-0.664648233323505
-0.11925831056690113
-0.6248705411424925
-0.9925527300853514
-1.1171035037178494
-0.5939582390827494
-1.0340814623444212
-0.9878239924891936
-1.211753636202308
-0.8891727288276842
-1.1313214383064147
-0.67752054179657
-0.19534336053071094
0.10271436824519513
-1.30763139991224
-0.6156848443307319
-0.7354277888852353
-0.15417813430053645
0.5895931372738271
0.036469239558458745
0.2338084842197533
0.17290374197547226
0.7291054272065234
0.674407321542136
0.768909772798535
0.33938727182818107
0.5839959982235545
0.04617312481828511
-0.8621007959107605
-1.7329015779544334
-2.61061363492497
-1.2789861775341034
-2.782664343261217
-0.32465224052882186
-2.7661042369520645
-1.6502466976782295
-0.4653184021002059
-0.8091513397540151
-0.24551781907689402
0.18922338906393651
0.06508567672012328
0.39307884633765827
0.5918523445074453
0.5679811216139151
0.32005092777672967
0.248191551057129
0.34196998797259753
0.6262476809923492
0.7285886334030798
0.9147556181885558
0.31630881856435106
-2.479055734960561
-0.4153450690110476
0.24388728766581588
-2.6499552750120525
-0.029932543751087493
0.2914969708023118
0.20172221667630766
0.11053593588988073
-0.03190134862571205
-0.26633937594434487
0.07158578113879326
0.2751072375500369
0.448608934912897
0.2591769718380644
0.19202359313801615
0.007423527964491568
0.5496479800883253
0.7598458344700626
0.3432521304918218
0.6472825119593035
0.6840714525714395
0.38841326644121854
0.3814700428628044
0.23013216955890228
0.30248493394748893
-0.04772624873210354
0.32518009042039203
0.5578267139775825
-0.6720873393548576
-0.3469430124282494
0.11241817247169746
-0.4523066111644024
-0.28802873594604317
1.0299233320195287
1.3884588671738733
-0.39994827853521364
0.08472185007560298
0.6994665089495589
0.2618227685920672
0.9051238557974639
0.7984534526266492
0.40656653615289057
-0.009512923333396752
0.7292645547360114
1.570922016952337
0.2648748687532878
0.4823487167777697
0.7739666119950567
0.7283880095857289
1.00292869266548
0.6889000816708738
1.1110481584360614
0.8126266704389743
0.08921602666724501
-0.2004007492429775
0.3391391817637559
0.6200438596905117
0.7757185108121446
0.726111119430172
0.238647202867153
0.6097113947028194
1.0079758316602285
0.692677877603526
0.7376024717821763
0.6708770352684021
0.3831347890307668
0.5597896286394266
0.4968913273423679
0.6929367638311399
-0.20383325773505104
0.3105252112685891
0.6030313386708694
0.8177183532746122
0.5414543666551316
0.1518107017767778
-0.5348719929185639
-0.23888116267296922
0.32200048168684287
0.5901485770251405
-0.0835639560498495
0.11537028397061297
0.015458730363610847
-0.3630716585770075
-1.9237596232018284
-1.3316165224495897
-0.5164358184467451
0.07044263124239249
0.26638178252740197
-0.07148466279618307
-0.5777120716843067
-0.4624402493225509
-0.10775205103027533
-0.2236343083500375
-2.028921599795706
-0.5004271950218406
0.11268044527063502
0.07757881760799018
-1.4808331787411775
-1.2751134802166262
-1.4222971371358404
-0.8866334205526942
-0.6800887243546684
-0.9167767127025933
-1.6465532282953639
-2.030144402877681
-2.4500384516784903
-1.6933629840771218
-0.964220900213158
-0.49188842890638157
-0.12839357106645213
-0.3890469574821285
-0.477614362160619
-1.2205102957273222
-0.7886571969628782
-0.16222988749010855
-0.8372220903594217
-0.7075488551056501
-0.23742103370839132
0.033405381679625604
0.42293119181860545
0.19042159838534978
-0.7023453966433888
-0.1241145406145656
0.4119578890487823
0.8046698133143373
0.8294785778738035
0.7891484785478893
0.6287452617508581
0.6702903369591022
0.7682445864607232
0.3994100972535397
0.6008271172819927
0.3837638399639339
0.3139623178710702
-1.403837132926476
-2.2343094802838115
-1.3448136856070816
-1.3713433096386802
-1.923186605971882
-0.8814725895992648
-0.13549827272269413
-0.8605767080412433
-0.5942731980516024
-0.6982707711215422
-0.5653002471088283
-2.291900273890644
-1.3325251997682979
-0.6035739966358928
-0.0982752743870859
-0.4156917348732654
-1.7441773681972772
-1.4283332034990122
-1.3652073627212788
-2.0427227406635495
-2.1049093505950918
-1.5850133752619537
-2.402523420142297
-2.4786118864331397
-1.2851393870733594
-0.018091327821567214
0.17440763810885485
-0.045394853971947154
-0.2566625560052534
0.21164514498883819
-0.2793055031025917
-0.12842344101395967
0.4430336191644626
0.4659654970911655
0.3837263451349775
0.6656439465120234
0.3997793995112983
0.5509464848619392
0.41565950808567614
0.326463699002395
0.4394351356402847
-0.10081239466503775
-2.025764834794088
-1.1335264221812407
-0.8225751205720465
-0.23427210746430688
-0.16585921570100454
-1.183951067132603
-0.6613703156226521
0.2160073366370566
-0.26355711946472105
0.437380805298469
0.7303807584427722
-0.3328142352848346
0.5908065093921123
0.7994824254818393
0.9518240157836195
1.1865078255606565
0.940800084285261
1.0098966361232173
0.738286831542945
0.8353903741172896
0.3704975352892515
-0.36942813491107573
-1.910577491384227
-0.7511826372247682
0.11653311345159852
0.6301154737810156
-1.9276634994281905
-0.5979230281064442
-0.4618597642134592
0.08021750005381063
0.3448814848853791
0.3735692897854329
-2.0085784333388434
-2.5018083587591207
-0.4848731916420325
-1.8235426070003073
-1.3199177900171852
-2.131092385301691
-2.756613027382338
-0.8585461574156305
-0.4394080571153632
-1.007233792556353
-0.22679421745283576
0.23057812390421395
0.3159140915870108
-0.04221888239893946
0.25217442475952856
0.41990919249980047
-1.5194161242119313
-0.400492193139156
-0.16151843773236946
-0.23995103393759595
-0.5275949351544305
-2.159951934497911
-2.5914565617517993
-1.8254623229036981
-1.116301982784917
-0.6678229737388214
-0.20251587166166712
-0.21013925118396062
-2.14097435636354
-1.3422074895640954
-0.23444399135702565
-0.04014962959690471
0.06220962389789962
0.3403893751748427
-0.21460204377639674
-1.0272644371123165
-0.7648522743681949
0.05756921131410808
0.3713327823941916
0.21895302312626494
0.33084658848221654
-0.2722011067749953
0.1882934388888574
-0.062040027640752546
0.0457794676286014
-0.19632939442139627
-0.46003018216498237
-1.8264840138242555
-2.0593997361545453
-2.5168949720044966
-2.4902751736404496
-1.3121259390452185
-0.8314425262652204
-1.8790929766567062
-1.965590964391246
-1.2422282463805978
-1.8194643071151217
-2.1112946008476206
-2.065697269370489
-2.3670825268374815
-1.8440193636855229
-0.13049927100333997
-0.9062977624648866
-0.3905055808240869
-0.3231886824839685
-1.0056276034358456
0.1419111303262927
-0.0712954925792382
0.22278155319085655
0.9271928052085928
0.9010397232225911
0.22820626525701385
-0.35838165247437015
-1.1869385417280074
-0.46764481446857514
-0.019346939690091717
0.16164802203184092
0.08293605674726978
-0.30863713778069607
-1.3774151796795708
-2.1257054324975027
-0.9442862955316714
-1.2250090083409741
-1.2089183141197772
-0.8531332499099555
-1.5276524243752816
-2.433287826320908
-2.617932281128163
-1.3682784450190313
-1.2095433469262082
-0.8976493196104832
-2.054207887148969
-1.4418834955902666
-2.3310896149177696
-2.1669351819072227
-2.442379778133055
-1.2381204929016187
-1.2531852167762234
-1.8468505893498073
-1.7576576758731735
-2.0458352851144372
-0.9195325743977247
-0.19587572751653276
0.2720238694101589
0.22951200801064592
0.15292507901459845
0.20514561077067742
0.22016011718600542
0.04356122821833536
0.17951424825555956
-0.7885356523297411
-2.9488731991057344
-1.4122124678677381
-0.5110630131488368
-0.9046601100769921
-0.7302297520353861
-0.6580157748001172
-0.3174820769446036
-0.7912620622954942
-1.155460767048042
-1.2857291217138778
-1.9961911556859433
-2.530103306338949
-2.392122533231991
-1.855834644160162
-0.9746978945168476
-0.622143793857302
0.04048466529887553
-0.22466065324369922
-0.009129992156078482
0.18825211396842026
-0.7329493836964969
-0.12227644396866215
-0.3045419692667061
0.30347114786145085
-0.03860856508545137
0.6316184418541786
-0.09351442910464361
0.4488524664513413
0.5643771890673529
-0.19868059129081922
0.26980338385693037
0.3917241252277439
0.44704721742989534
-0.465818715001146
-0.16108890524745703
0.20511886077698063
0.33922756434308865
0.4497898296620782
0.40520938037881377
0.20246563692864847
-0.23344556745510875
-0.3382339794278085
-0.5266005110588485
-0.2512954878889735
-0.17118655423106466
0.32629219580615704
0.46262927275538207
-0.3067129562901018
-0.6310591501709927
-1.8294834000135147
0.09264394942379524
-0.29244728047508683
0.24267450041792987
0.0659717394256472
0.05298272416170019
-0.5653600674889923
-0.9691574670123712
-0.8972939810897886
-0.14878798897172943
-0.5610984831952975
-0.2231403472556495
0.05642914415511189
0.3754822926651977
0.31111507394869053
0.25021045502046396
0.2662057919204028
0.13007148375526012
0.18820386595547287
0.0182813185134282
0.2532386007013623
0.24053744974263228
0.24135318210766113
0.1400140714901251
-0.2871234004982933
0.18188384783579237
0.30872410527959476
0.1549967456349674
0.10463881455593835
-0.13103352216775263
0.3055215445348366
-0.26192861220463654
0.010315111769430127
0.11608771205953473
0.0772680005610522
-1.0157460621738605
-0.6314837920542309
-0.512843009479519
-0.15023040560120832
-0.16043137850132666
-0.0745615979249286
-0.10464787794854691
-0.02408043759538477
-0.1626507784594055
-0.6115275356579675
-0.8072931402166226
-0.5365973690237158
-1.461040369427638
-0.4542710014426839
0.3728467244259381
0.3428198379208404
-0.2910981190904323
-0.6320187370660327
-1.414418919035214
-0.6335307163823269
-0.19092294978877053
0.02198367647932552
-0.3649191050433783
0.029720698400763027
-0.5500563472123827
-2.48803681073625
-1.8878096412695966
-0.9563270859645807
-0.06477788112130962
-0.12190369943974444
0.25643847502207795
0.03548468162307247
-0.29022651288739965
-0.21968436135189967
-0.04415087035772091
0.10932252857155068
0.0057404813134287755
-0.7224958542869374
-1.258897488752441
-0.42975811953568904
-0.5589436347845238
-0.024048326639898143
-0.04076073955838249
-0.4842559183039726
-0.2369019396192542
-0.2648188634645036
-2.2174735976159785
-2.3493130365259303
-1.639609115765794
-0.2285769935074852
-0.17049843422422106
-0.331920259869686
0.08723200674075857
0.28920995630638796
0.4032516845225849
0.11864226338318139
-0.49529713466169756
-0.5326236278292618
-0.14783808313662747
-0.7000297678904089
-2.2021340312313513
-1.2906069478541178
-1.3404924339868738
-1.0168025611882796
-1.8020383783964244
-2.2968452322935544
-1.8420151894619028
-2.2786661670298716
-2.47588363805213
-1.1906750567098678
-0.46142616185557395
0.08078659878569798
0.10889745562947206
0.25080709241202026
0.22261087549219366
0.174958507826499
-0.7381083365727801
-0.7333857115770224
-0.23001893916967567
-0.017178334618797714
-0.31108401295542354
-1.905204096539353
-1.0342120213042314
-0.1754584547156367
0.06676987835561828
0.41783791491634326
0.37045003214273237
0.1892073578174274
0.4591843119927483
0.697717489698935
0.8972335613193249
0.7347654562811975
0.33478635102672577
0.6298920832810213
0.7237081905838099
0.9118912422945828
0.03763177404195785
0.24772498155451597
0.39661107433347265
0.4234106679427065
0.3183761326317125
0.2225865627932388
0.06891159635786097
0.42227286910900214
0.3462987412970703
0.08842360207609493
0.5023345020785692
-0.1330467233302696
0.18771475887387437
0.15318673829302196
-0.13407013069090404
0.2912684974712349
0.5054185512690997
0.5414902065189657
0.11413744379123653
-0.3929699393541954
-0.11412136273070905
-0.62630446437009
-2.2111603698843565
-2.382609648796003
-1.0975566682585312
-1.407689553555454
-2.426545922326857
-2.64413597421834
-1.1109361349365507
-0.1653511468500184
-0.4531363783269176
-0.014613101413029647
0.2779116112130072
0.19124991695778995
0.2328841467174007
-0.8824631251762973
-0.8472706641785924
-0.23066542451339228
-0.03305676765331301
-0.21226521398406556
-0.06422035659903227
-0.3947014521738117
0.1067436517201874
0.15472667550673413
-0.6961645839379177
-1.9543877223481845
-0.8851096810664248
0.23355926798773455
-0.052988804085842174
0.06555624926190884
0.3320364583703222
0.7475326807845812
0.19000504324067607
-1.3669714491866904
-0.4484813051905759
-0.09789807389465761
-1.315339535252026
-0.32763376781180015
0.029053033200503765
-0.11194602374143006
0.08965233922442313
0.019062868358293995
0.1320969363721781
0.24839392607125585
0.2686058072062907
0.08960760959212306
0.003408920878141033
0.40139202922068046
-0.09352268794413629
0.013833805273206308
-0.17324541044482789
-0.07304233460033455
0.15225119386721858
-1.6727539740211674
-2.575141302501446
-2.531064910589828
-1.1321369834753436
-1.405508763796962
-0.31292211655776647
-0.4043382690424235
0.15407822242937738
-0.047049640255275985
0.04898593719091907
-0.14110684907083404
-0.06620242245241471
-0.06600710695765757
0.027635896841617415
-0.9483183562802033
-0.4975961705427877
-0.43916835092
-1.117940173320565
-2.296786624236918
-0.8400156792202544
-0.377826586876792
-0.7813759360675744
-0.5899711720378207
-2.1571719368959337
-2.3896171368938384
-1.428719832996341
-0.4605205554127767
-0.427159536713314
-0.04865880750658436
-0.5111143554254719
-0.40076114110062855
-0.266530732459846
-0.007641146179090999
0.1651568201539617
0.23873453288653104
-1.2145566904506326
-0.2903052206001433
0.21966992445482678
0.19051657012705547
0.30166356158801716
-0.11124254929664695
-0.363949749030525
-0.45938014954094997
-0.721734703900034
-0.515421194469059
-0.33094974591101245
-0.3794303635573497
-0.5574658868961688
-0.22371223227884404
-0.17636080379786265
0.2005129832496473
0.7717976104835339
0.739103305546535
0.6352803544627382
0.5633461641356597
0.8559687855927142
0.4531817376098378
0.08804561852265436
-0.011219368288656661
0.0925351906910074
-0.810637808887039
0.17119033246460452
0.03782436555047061
0.07587579234622426
0.4689605266850974
0.5236833866563511
-1.3534223145891482
-1.75280366244836
-0.12674416244474762
-1.0482987049560761
-1.3221969643221554
-0.6414148824157275
-1.136459455133541
-0.9608090230779549
-0.4110159175813056
-0.18262073439910823
-0.17806623232174004
-0.46852287904963363
-0.8778926905426255
-0.5290510174664513
-1.9157782162033188
-2.4363615933135527
-1.6033784156606339
-0.3410708237843858
0.20225450882184004
-0.08172011148093027
0.14702408397759076
0.24918169709436858
0.4548943516915927
0.335551463458146
-0.1419319802421896
-1.373098453133005
-0.2640271915229984
0.31537969386071635
0.24476161469666888
0.08175128857272616
-0.7609200232121619
-0.3299376705746545
-0.35008933607526577
0.06022796867236844
0.29928473069431794
0.12346243543136785
0.39978882552520056
0.2812676371943105
0.23384240387789443
-0.05707772138950829
-0.34348390449435634
-0.4401622552239648
-0.48218208959456704
-0.02765849043331498
0.017738491738260344
0.36962208363813903
0.06263719400281507
0.299218691014766
0.7235095154691276
1.1129343170149855
0.7084630456925124
0.9464154458372009
1.1205815326652873
-0.4251561164536901
0.40465167782062395
0.37249325135777206
0.4692919074896974
0.3231695498928684
0.06393267868609624
0.4585313845217047
0.0953173826134549
-0.2833543275561229
-0.4589817835049771
0.0055356260946065015
-2.5205073198740795
-1.5244926377726329
-0.3067137456969258
-0.2970516220332555
0.12067371424659488
0.2238643217745398
0.5453462157673153
-0.9994401845409641
-2.493456440813778
-0.7871509188250065
-1.6917591287462983
-1.7288071416776045
-0.33776477627568235
0.2693242059390889
0.5094593226004319
0.28842568659373635
0.16252121946947953
-0.6235018543714387
-0.10506779604391639
0.10780054229550641
0.20138232712285997
0.18918237953679196
0.34905780884480153
0.689923901825198
0.28381483326573037
-0.26005992471341544
0.25312329019566604
-1.0177411458659968
-0.12982916477713075
0.09369402344686927
-0.09999728691531376
-0.5183379576802576
0.30920557378487273
0.29898693476632293
-0.010912827703451823
-0.5925065717446797
-1.100329759192287
0.5010078220678668
0.8455407234586308
-0.37595427036932705
-0.4299534495800968
-0.028652968994632377
0.3842165494045173
0.6109894799181923
0.41598694992336355
-0.5152781077104585
-0.25434814879746037
-0.25313920833716974
-0.22084303400703828
-1.483880227702064
-0.2467231166419132
-0.3293864013270596
0.16863123377106903
0.062043686337776606
-0.4062471273134466
-1.1308939664277624
-0.21802854909258765
0.4653822625984877
0.48024504832987563
0.3200308913832824
0.6385800874773435
1.0379156221830808
-0.2243488587076597
0.21883952139753796
-0.41451474649691905
0.0883809773986182
-0.4676745998189629
0.7604692492958309
0.46219359858813663
-0.5031079229957521
0.07293034264954719
0.12521947636480654
-0.0652064015328182
0.12866092558218092
-0.4403990665437686
0.7611227563874101
1.111267822986826
0.004113348001293674
-0.5571905280525821
-0.640877312266539
-0.7679299855840819
-0.41312984912811496
-0.4600266867895335
0.004306168963466675
-0.10013212600028187
0.07645420338630779
-0.028029518559682956
0.014246026981901373
-0.42057766876751557
0.13685611479017432
0.04459818676595415
-0.3198444707626691
0.2456427930577313
-0.13100112693669821
0.4403827303401132
-0.09881271439925629
0.6917999763390534
-0.33684280045699594
-0.43832374549301384
-0.06523652613071693
-0.11744836887110463
-0.031080712563037908
-0.21816400676844724
-0.39607770210930454
-0.13070557753330214
0.27507706036485935
0.23325744228139106
0.7064222126872366
0.5685977501233367
0.3255273543273244
0.7658975344016216
0.8216585740341856
1.1913435432438986
0.4837409062420161
0.8687856013195195
-0.8213847271744324
0.012297744638987291
-0.5193846401205725
-0.2634805997840352
0.14483619044691393
0.35744279424054537
-0.022014191742500123
-0.5379730941024703
-1.5888617155387108
-0.5184464982555889
0.06714199346766016
0.046162434922478575
0.2138667903146083
0.4337244019954603
-0.039928854130475214
-0.14342120698248584
0.0946439771310134
0.2999548291911722
-0.1640089011373895
0.34859223698760755
0.18948429786130044
1.1488423677164787
1.0138747713828518
1.0349652057931564
0.9612052244296064
-0.12231541780076417
-0.308928017422232
-0.47687753794754356
-0.03899315291054949
-0.2815140798394619
0.28669405858658575
0.5712142470328476
0.9512775275655869
1.1463574131146328
1.15148536235107
1.0699145516339499
0.39309013927211467
0.9157556807322702
1.0090194677955437
0.7305415509922562
0.4660773670716843
0.4429648301247927
0.1532983450718057
0.32355510024215806
0.5617410776689427
-0.33745663270798076
-0.16327206199117061
0.0797410863555625
-0.5307969185448695
-0.34012613607315517
-0.5508227299013599
-0.33551971046969026
-0.7964697497797402
-0.26497093388485815
-0.07026798859543844
0.15757150434294628
0.16957527676359052
-0.2604695048076573
-0.18011319853418445
0.10360492500186556
-0.27869367684138735
-1.2472707766490168
-1.637977548217918
-1.0875580774267601
-0.8134705652927832
-0.37587041403353855
-0.39718494365834844
-0.4404116960586556
-0.46844237316514425
-0.5812579872861333
-0.38552023736596686
-0.03268030075338638
0.15167735463198298
0.3156343419162892
-0.11171944341443103
-0.13345187247645074
-0.1185408371943091
-0.2810798555665036
-0.23728877150632796
-0.505829424961313
0.3171880207524258
0.5445801501520992
0.38497559001189263
0.5082864203062339
0.43827942147579396
0.2067886004184855
0.4277796740495596
0.30327549686125754
0.5745759242662877
0.6921511099352029
0.42897998362844597
0.46595384213275093
0.47097215434579615
0.2835559503854845
-0.24250406364803131
-0.29293925057669545
-0.08670766098212329
-0.33612628862404037
-0.21163675136467086
-0.07307339528276774
-1.5306888269569394
-1.229274885019539
-1.8927994521515865
-1.9733511229616991
-1.9253721547814096
-2.247821925466714
-1.8612417609893073
-0.5797876688854111
0.06248514236699645
0.1268527477079184
0.2932591435669011
0.09955310378622005
0.24084058824231905
0.5192218949550902
0.6148832983634214
0.3326121969999898
0.2707497139416005
0.3546965019773452
-0.11913980467959671
0.10155882828843245
-0.20283445384329382
-0.2781979564301842
0.1410160696435089
0.2645531871084285
0.2519588473616745
-0.6514376424977553
-0.18466393499807712
-0.23375173785064057
0.3630324791623267
0.33815469222661465
0.3591169702915457
0.560227118135908
0.350107019805512
0.2573183449218729
0.5167932960199285
0.4510686029516162
0.03380838438125344
0.07905882329754706
0.35030594955234884
-0.5150475290118831
-0.054286297592400314
-0.31966539041929515
-0.11019975750297056
-0.6627479884863192
-0.4606365678451585
-0.1712425899304347
-0.9019497605529021
-0.1474864498904309
-1.2963488686633808
-1.938423694058698
-1.359067504785598
-1.8547102920982466
-1.5898358892587476
-1.5305722879606884
-2.4633697331004325
-2.4713094857610503
-2.4583270249656937
-2.945667877454834
-1.6804300584543157
-0.7671591182395933
-0.18018114552827902
-1.520328990420664
-0.5271995816602473
-1.524980243015182
-1.7397923754536466
-0.6575257862859437
-2.2468194845780385
-1.397094883984118
-0.75000061296383
0.06854621282956366
-0.6315510313771532
-0.9525451993347268
-0.7787315253592625
-1.400592478991621
-1.4615739203525457
-1.1605857945017628
-0.7801999492816544
-0.8500681470758005
-0.5188873180249022
-0.25028191206524464
-0.2537830460775366
-0.22252529633142376
0.177172701488496
0.43825763221691794
0.5043971068386633
-0.05958120664606959
-0.11268030739682149
-0.24326274030905484
-0.321232346078062
-0.08109905450292985
-0.21273748911588253
-1.8198313614313621
-2.0307999137972694
-0.9021955040964665
-0.2196997658464363
-0.5949907144981001
-0.48583071058954747
0.11256414997157727
0.23773036009838444
0.3407243762093286
0.4832010161198348
0.3185665636549875
-0.7920526261812744
-1.4280652110858298
-0.36155801612505406
-0.03103617298198698
-1.048538693836582
-0.8941188087551021
-1.088327494718705
-2.0946547521117327
-2.0552316223730114
-1.2917675300174756
-1.1239364085485055
-1.103411133718608
-0.8377725484350946
-0.6055338149106436
-0.13213298608530183
0.06500810475191449
-0.5916879593655079
-0.775582156042216
-1.2441388136083826
-0.8004556562680634
-1.0855489863657084
-0.051227942763378886
-0.1681664698617997
-0.7573615453932986
0.0015091009205116027
-1.1406441482231156
-0.12841752259871933
0.44849541931931286
-0.9593270553732003
-1.1523577960797302
-0.6975510451633722
-0.19961157336268484
-0.8981704577990903
-1.8370817010964806
-1.0347749724458137
-0.7433299239414108
-0.8067652841660047
-0.9997891266213187
-0.5393428558861111
-1.5088942170096846
-1.907702099300124
-2.487627877186341
-0.639307602680608
-0.04486553201418154
0.27014372807660053
0.7456334807650309
0.039073248394655744
-1.1170719370086144
-2.441278457369465
-2.259626006970564
-2.7624752639832617
-1.296733008605175
-1.3647728557360843
-1.0702736800861063
-1.3389900248678879
-0.9265691977135552
-1.6399458786873007
-1.1011733070725984
-1.8199875752236327
-1.3316652246433545
-0.05946210825815488
0.2910230897195649
-0.14023322927452753
-0.40103709485903655
0.1983572683749813
-0.9912608556898008
-0.4753035888260561
-0.30467876604088284
-0.6578563099807777
-1.036796864400786
-1.2357017237300512
-2.425335341706374
-2.1704622354310033
-2.096467082436384
-2.1844088295181465
-1.6341042584589125
-1.0793397938976759
-0.8880903294050372
-0.405871123393212
-1.00979138147288
-0.6030654847953122
-0.0401153056400034
0.10865808748486036
-1.0127489291982064
-1.413202330244639
-1.8421472554392804
-2.0586871050884947
-1.0762765127500438
-1.4828398957622133
-2.0132015591826757
-1.6481478037893011
-2.0306472623643956
-2.301604754142881
-2.0626296456286104
-1.7999765744015765
-1.4204777409851899
-1.6395237775764027
-2.236078649330659
-2.012449186434886
-1.183561510937961
-0.7926121694465171
-0.4924904065828067
-0.8300686338786436
-1.6645701459523514
-0.279399028627706
-0.23266649773503914
-0.020427738918722117
0.08063172809756673
-0.2859741262830029
0.21338051061972627
0.45059261763662695
-0.2954298422440458
0.3038690645472608
0.719551615608214
0.5771471048141357
0.9351539066077913
1.1512591796666103
1.1138867464537854
0.7166262745634676
0.775873084528767
-0.4247367741244909
0.3148880982507688
-0.5688478294742828
0.47271083792222746
-0.16522988078444967
0.03187442588134586
0.2914600676512792
0.725532039316617
0.5052764873996608
-0.017229401469049353
-0.17005713480899137
-0.9213345486381003
-0.19876837902588404
0.4773697107890747
-0.06643330249183765
0.22577876164818506
-0.18305103381326063
0.23021800498033154
0.591656163336034
0.6133057776070244
0.5371463314217727
0.6126352860808401
0.5621183603483616
0.6583670142381115
0.3209479205592489
0.6327182071108906
0.6404103553733268
0.5947123190643674
-0.8283340063814629
-1.3883454219826024
-1.653397945833485
-0.670855764451386
-0.9752268551376313
-0.37771851995167044
0.39746244866768615
0.3693146868147856
0.3522809646457725
0.5197524494376071
0.27008630670561756
1.0087925008044356
0.9450277645750121
0.4857415344292011
0.9958106888482269
0.48189731924631296
0.5706730714626272
0.6868857379520015
1.1504313987732675
0.834415345673231
0.45304872439819344
0.6299152180003857
-0.5042007571851052
0.08043573866041764
0.4869917263153027
0.6589546002246717
0.3930867293214283
0.4641156263081034
0.25103226392967465
0.3764058572141703
0.3495648712312159
0.4538100236140964
0.24465667998833926
0.7335568695721881
0.9621811365747879
-0.3033509678043098
0.5797087245948277
-1.2522950930636605
-0.3302964241641776
0.47179957155742897
0.8479941721286527
0.8015409148556402
0.9692131445594835
0.8604322429616683
-0.10267861109109408
0.38279836569204645
1.1274142319488765
1.1454902897892256
0.7552693144743876
-0.2725515645078498
-0.9814611217489815
-2.122404210505908
-2.3000190367464803
-0.3853445857397582
0.8511086882582818
0.737879267776407
-1.126794226001139
-2.4465560401299693
-1.7726431038427959
-0.600898811434068
-0.4351749580120883
-0.46766911291340046
-0.14930664554940648
-0.5170669774422847
-0.0737994211954288
0.5819710406401093
0.3235004385364732
0.5690986489691201
0.4887009354039765
0.35471790057493163
0.6067645012443915
0.4663815126528475
0.6285620882739976
0.9385226708799095
0.9885714492959046
1.0176514965178516
1.2901112145131255
1.3373956287574886
1.1818101129910907
-0.16182148207367028
-0.14827600726673104
0.21969449615005332
-1.2399193651612594
-1.9706902411093636
-2.6791533551701394
-2.7934589502863973
-0.9456050006780887
0.32644887991273763
0.8093712036417101
0.8661437126515703
0.87929317900738
0.8075183860902092
0.7657316948459162
0.9124697981473581
0.7128141130823645
0.8647174590791156
0.7004620304786351
0.2038352826815099
-0.16377528659044938
-1.4060753227558305
-1.9558000023585114
-2.1921534870363217
-1.9574380561930245
-1.1718660253067135
-0.9431731978768748
-0.7740082003949983
-1.949392716834689
-1.100277054717599
-0.13091776675578248
0.4030403792459976
0.8181087715277506
0.5030147694062295
0.156869969744707
0.08355529674304056
0.021126193606568706
-0.03651469812801318
0.2406203065315788
0.5661952861079063
0.5713650980532983
0.7059133259577662
0.0959652890356684
-0.4891860278844132
0.6977856069597891
0.9001169673037661
1.0407447809787236
1.2737441178399322
1.3386826304028334
1.3575166135848427
1.360028496174756
1.298514276729292
1.444988245420492
1.460823140330104
1.511194248288074
1.429130154134396
1.7221387998394486
1.4746505447917078
1.5518384063555057
1.5087975327294882
1.674138175548615
1.5180426562827267
1.4597338276369
1.4993775812153358
1.6375188073078553
1.2362599088267519
1.6177151999908777
1.476093223971401
1.3417185650115673
1.3400715592688164
1.340765177128272
1.5948966139165768
1.6129455564354844
1.622609933160869
1.4729962907279126
1.6690437345597757
1.3529307319563202
1.075068462117541
-0.2756564439237868
-1.905938314470787
-2.4764987179189575
-2.0376812232849195
-2.647708397134596
0.30839547990970567
0.7249222122547928
0.8680303529441733
0.331910295761378
0.6226435859480489
0.8860297738840325
0.7616786556356944
0.9438016895572969
0.19688451743477986
0.2214060114264416
0.021339205775499876
0.13906613759003503
0.37467291627368615
-0.37615806049424
-0.649940790386399
-0.013014270117575276
0.7165168726692427
0.9603456791723628
0.39990117743133063
0.6554950513004597
0.5573739505533986
0.985155128256565
1.154965607655451
1.2865447563949002
1.4156528509292836
0.5288838585670899
1.115367000781933
1.397427376321258
1.394125618369918
1.2049611133752038
0.9128128664288236
0.8275449645303297
1.0363358178413267
0.9530233576170849
1.0949904615669974
1.1104290593087227
1.3404546024535275
1.2827062413883554
1.2510690906434252
1.2721574278068357
0.332634515551965
0.7670377988881127
1.128257778510148
-1.6528959761146016
-1.3293686979441364
-1.1385248263061138
-0.07073228876325173
-0.8289328570926696
0.3391800011058013
0.5458184098038837
0.3797312187280562
0.9983667755962806
1.0157796080068924
1.1827464329453097
1.421177730940406
1.5268619233458858
1.0286494158997894
0.5351433308312388
0.5354974315670881
-1.0276187015715132
-1.7084471087890705
-2.1895632968566
-1.9590237776701918
0.23109465736646181
-1.9393315434820646
-1.9763970841482768
-0.6685367434967848
-0.5206691019769089
-1.7357056735770284
-2.5989496511478603
-1.9670747719277584
-1.0304704517159866
-0.5276310643900296
0.10511650867702792
0.1507239736712715
-0.20572307562955125
-0.7160321461888358
-0.6877162970629362
0.10037248027180949
0.5386160886013779
0.8247981335251864
1.004300467575652
1.011421533287244
1.0914308760753089
1.0151193452918228
1.1428688517643153
0.23745822460434543
0.5006061914443903
-0.37604046418255305
0.3635994707790564
0.5170343078714442
0.313812181446674
0.5750748397976371
0.9663274816482879
0.9053734397812623
0.24148126264850517
1.0960256358761082
0.9032353006524295
0.9710713840357025
0.23300954916148
0.3067364990920641
0.3216029403107995
0.3174928567224939
0.27349578105792155
-1.0985786199138665
-0.914761265860156
-1.830417016949772
-2.1687655052811583
-1.0861915487377194
-0.6443203133235164
-0.39821079554313665
-2.2008173516818266
-0.7242402494288906
-0.9988433235407319
-2.3336947529575727
-0.18565112185921315
0.16346529343642957
-0.25388173729750885
-0.10849113136364293
-0.790681737421498
-0.8019276983847934
0.24941457545545578
-0.8045376353125054
-1.301288419288679
-1.9589618843094627
-1.374018058933071
-1.717925366015701
-0.2789651719390063
-2.598299079780625
-0.6945264217697752
-1.7604198854937418
-1.676289780344092
0.10497281197416762
1.150529679391765
1.4234699215515605
1.5001694813153335
1.3537417623409682
0.8847069924204156
-0.310160425450593
-1.019870059999047
-0.4432929584807445
0.29965882654625364
0.7836433793666818
0.8521998770588038
-1.3777077487487568
-0.20481516229962668
0.614785733538356
0.7176461970006117
1.0683468753699341
1.1560211599094632
1.1201084223059465
1.369593863039639
0.8985064766849157
1.2586536247007722
1.0035441020400881
0.8838161992036359
0.7387203311664143
0.9104429407539139
-0.6214181784503796
-0.4097323314427933
0.4002466826407727
1.1610658085240355
0.3387756978364512
-0.65415436990109
-2.736516219281861
-0.9348551357392134
0.1887423125326268
-0.7532542055485288
0.972894234793232
1.1843541195150353
0.8150392810218468
0.019744523252199928
-0.000856290183703085
-0.05562081656445052
-0.6760403724463006
0.2832959074523659
0.7950648154898848
0.9799891428657259
0.387177066935587
0.5445410832613181
0.5867699052621462
0.7375691154445742
0.366596004611914
-0.9924728375605484
-0.4044147240213239
-1.558748819844665
-2.2178031991036105
-2.505351334367923
-0.5245927723212538
-2.175637063608289
-0.2648120733259898
0.5053097305753228
0.9817702935561742
0.7828952549559172
0.4983735732058417
0.6526261438827523
-0.12877777485098138
0.6377103641389684
0.8099116215164485
0.3134240350003668
-1.2067365446553173
-0.45185208017187567
0.12375770493563229
-0.041549413626693246
-2.7067038549146667
-0.44062998515669055
-1.6916383163463737
-0.32867042168014093
0.40953101939140396
1.2798128905879103
1.1308426682780803
0.6941322099477321
-1.5512180824302257
-0.5220535150623661
0.5528483016145186
-0.012553936357860443
-2.17568327176166
-0.24785162182629775
-0.5400481914954937
-1.1917253703303543
0.1640115735212174
0.3806334459478433
-2.021057722879021
-1.8755018302902204
-2.5730427317028544
-2.2338604650876284
-0.6515039108049108
-0.7685211571813656
-0.26050163632549755
-0.2277360264728625
-0.5176119741304702
-0.3553215845884358
-0.33706120946307766
-0.06295080610187305
-0.5535469341192566
0.31080794965175
0.15582597366334408
0.581120684923459
0.5906405856922042
0.15203147156093724
-0.40455645695412357
0.06718799105538356
-0.35797062714201633
-1.3850510187736003
-0.1354618335177814
-0.3651982747102397
-0.451355691981329
0.0014353451256579207
-0.6245190604570902
-0.3071053247252638
0.21383581909831492
0.8957005029755155
1.0327109917028037
0.9576265581803095
0.8227618822946131
0.9314220169195554
0.13187631965284574
-0.10319488830502205
-0.00280175564003097
-0.23570859926847448
-0.1449868573522002
0.22669659614589624
0.4057317367412908
0.33662360043971523
-0.3554687807559758
-0.16697692819115384
-1.786408698915689
-2.7648621504939275
-2.684195940396363
-2.6643286936388995
-2.518578485477107
